     0/499     1.81G      4.38      3.22         0       7.6        19       512         0         0    0.0335         0      2.08      1.87         0
     1/499     1.82G      3.75      2.44         0      6.19        21       512  0.000438    0.0137  6.74e-05  0.000849      6.76      8.54         0
     2/499     6.69G      3.74      2.16         0       5.9        18       512    0.0105     0.276   0.00813    0.0203      6.99       180         0
     3/499     6.69G      3.87      2.02         0      5.89        21       512   0.00227    0.0117    0.0017    0.0038      6.87      91.5         0
     4/499     6.69G      3.72      2.01         0      5.73        15       512         0         0    0.0125         0      3.54      1.19         0
     5/499     6.69G      3.45      1.88         0      5.34        14       512         1   0.00196     0.106   0.00391      1.95      1.19         0
     6/499     6.69G      3.23       1.9         0      5.14        19       512         0         0    0.0694         0      2.24      1.15         0
     7/499     6.69G      3.34      1.75         0      5.09        20       512         0         0    0.0645         0      2.24      1.11         0
     8/499     6.69G       3.4      1.78         0      5.18        21       512    0.0574    0.0176    0.0284     0.027       3.1      1.13         0
     9/499     6.69G       3.2      1.74         0      4.94        16       512         0         0    0.0959         0      2.27      1.05         0
    10/499     6.69G       3.1       1.7         0       4.8        24       512         1   0.00196     0.333   0.00391      1.94      1.02         0
    11/499     6.69G      2.96      1.69         0      4.65        20       512         0         0     0.167         0      1.98      1.02         0
    12/499     6.69G      3.01      1.67         0      4.68        16       512         1   0.00196      0.22   0.00391      2.19     0.982         0
    13/499     6.69G      2.61      1.67         0      4.28        18       512         1   0.00196    0.0547   0.00391      2.28     0.973         0
    14/499     6.69G      2.73      1.61         0      4.34        18       512         0         0    0.0187         0      2.37      1.13         0
    15/499     6.69G      2.24      1.64         0      3.87        20       512         0         0    0.0219         0      1.91     0.984         0
    16/499     6.69G       2.3      1.59         0      3.89        21       512         0         0    0.0158         0      2.69     0.788         0
    17/499     6.69G      2.15      1.51         0      3.66        18       512         0         0    0.0157         0       3.2     0.679         0
    18/499     6.69G      1.88      1.56         0      3.44        16       512         0         0    0.0275         0      2.22     0.817         0
    19/499     6.69G      2.13      1.48         0      3.61        19       512         0         0    0.0244         0      2.28     0.819         0
    20/499     6.69G      2.02      1.53         0      3.55        16       512         0         0     0.018         0      2.22     0.853         0
    21/499     6.69G      2.06      1.57         0      3.63        16       512         0         0    0.0148         0      2.02     0.912         0
    22/499     6.69G      2.21      1.53         0      3.74        18       512         0         0    0.0151         0      2.23     0.852         0
    23/499     6.69G       2.2      1.55         0      3.75        20       512         0         0   0.00509         0      3.29     0.483         0
    24/499     6.69G      2.02      1.52         0      3.55        23       512         0         0    0.0128         0      2.43     0.771         0
    25/499     6.69G      2.15      1.53         0      3.67        18       512         0         0    0.0161         0      2.37      0.82         0
    26/499     6.69G      2.13      1.55         0      3.68        14       512         0         0    0.0172         0       2.2     0.832         0
    27/499     6.69G      1.98      1.53         0      3.51        20       512         0         0     0.018         0      2.16     0.838         0
    28/499     6.69G      1.97      1.55         0      3.51        15       512         0         0    0.0182         0      2.23     0.814         0
    29/499     6.69G      2.12      1.54         0      3.67        19       512         0         0    0.0166         0      2.03     0.866         0
    30/499     6.69G       1.9      1.56         0      3.46        19       512         0         0    0.0296         0      2.08     0.767         0
    31/499     6.69G      1.84      1.55         0      3.39        16       512         0         0    0.0162         0      2.03     0.877         0
    32/499     6.69G      1.87      1.59         0      3.46        20       512         0         0    0.0156         0       2.2     0.862         0
    33/499     6.69G      1.96      1.58         0      3.54        18       512         0         0    0.0171         0      2.16     0.869         0
    34/499     6.69G      1.87      1.59         0      3.46        16       512         0         0    0.0144         0      2.12     0.864         0
    35/499     6.69G      1.93      1.56         0      3.49        21       512         0         0    0.0178         0      1.99     0.914         0
    36/499     6.69G      1.81      1.54         0      3.35        19       512         0         0    0.0162         0      2.09     0.877         0
    37/499     6.69G      1.83      1.57         0       3.4        19       512         0         0    0.0142         0      2.17     0.878         0
    38/499     6.69G      1.69      1.59         0      3.28        17       512         0         0    0.0135         0      2.13     0.908         0
    39/499     6.69G      1.76      1.55         0       3.3        21       512         0         0    0.0138         0      2.06     0.919         0
    40/499     6.69G      1.82      1.59         0      3.41        21       512         0         0    0.0139         0      2.09     0.908         0
    41/499     6.69G      1.67      1.49         0      3.16        18       512         0         0    0.0157         0      2.15     0.889         0
    42/499     6.69G      1.79      1.53         0      3.32        20       512         0         0    0.0136         0      2.21     0.873         0
    43/499     6.69G      1.83      1.54         0      3.37        20       512         0         0    0.0131         0      2.22      0.88         0
    44/499     6.69G      1.65      1.54         0      3.18        16       512         0         0    0.0132         0      2.28     0.895         0
    45/499     6.69G      1.53      1.56         0      3.09        18       512         0         0    0.0135         0      2.22     0.906         0
    46/499     6.69G      1.87      1.56         0      3.43        19       512         0         0    0.0124         0      2.29     0.875         0
    47/499     6.69G      1.71      1.55         0      3.26        21       512         0         0    0.0128         0      2.25     0.873         0
    48/499     6.69G      1.71      1.52         0      3.23        19       512         0         0    0.0141         0      2.18     0.891         0
    49/499     6.69G      1.61      1.54         0      3.15        21       512         0         0     0.012         0      2.26     0.885         0
    50/499     6.69G      1.64      1.51         0      3.15        20       512         0         0    0.0122         0      2.21     0.896         0
    51/499     6.69G      1.59      1.53         0      3.11        17       512         0         0    0.0117         0      2.31     0.889         0
    52/499     6.69G      1.59      1.52         0      3.11        18       512         0         0    0.0117         0      2.23     0.915         0
    53/499     6.69G      1.66      1.53         0      3.19        17       512         0         0    0.0118         0      2.22     0.924         0
    54/499     6.69G      1.63      1.55         0      3.18        13       512         0         0    0.0124         0      2.04     0.963         0
    55/499     6.69G       1.6      1.51         0      3.11        21       512         0         0     0.012         0      2.01      0.96         0
    56/499     6.69G      1.75      1.47         0      3.22        20       512         0         0     0.017         0      2.09     0.912         0
    57/499     6.69G      1.67      1.54         0      3.21        21       512         0         0    0.0185         0      2.03     0.869         0
    58/499     6.69G      1.65      1.46         0      3.11        16       512         0         0    0.0394         0      2.01     0.811         0
    59/499     6.69G      1.67      1.44         0      3.11        20       512         0         0     0.169         0      2.15     0.699         0
    60/499     6.69G      1.52      1.44         0      2.95        13       512         0         0     0.146         0      2.12     0.724         0
    61/499     6.69G      1.61      1.48         0      3.08        21       512         1   0.00196     0.238   0.00391      2.08     0.719         0
    62/499     6.69G      1.71      1.43         0      3.15        19       512         1   0.00196      0.25   0.00391      2.15     0.716         0
    63/499     6.69G      1.53       1.4         0      2.93        20       512         0         0     0.153         0      2.08     0.757         0
    64/499     6.69G      1.58      1.42         0         3        16       512         0         0    0.0838         0      2.05     0.789         0
    65/499     6.69G      1.66      1.41         0      3.07        22       512         0         0    0.0655         0      2.03     0.827         0
    66/499     6.69G      1.67      1.43         0       3.1        23       512         0         0     0.293         0       2.2     0.643         0
    67/499     6.69G      1.76      1.45         0      3.21        19       512         1   0.00196     0.317   0.00391      2.06     0.675         0
    68/499     6.69G      1.55      1.46         0         3        15       512         1   0.00196     0.473   0.00391      2.12     0.626         0
    69/499     6.69G      1.57      1.37         0      2.94        15       512         1   0.00196     0.427   0.00391      2.09     0.623         0
    70/499     6.69G      1.56      1.37         0      2.94        19       512         0         0     0.507         0      2.08     0.604         0
    71/499     6.69G      1.59      1.46         0      3.05        22       512         1   0.00196     0.385   0.00391      2.08     0.644         0
    72/499     6.69G      1.58      1.41         0      2.99        22       512         1   0.00196     0.376   0.00391      2.05      0.62         0
    73/499     6.69G      1.62      1.37         0      2.99        20       512         1   0.00196     0.408   0.00391      1.99     0.641         0
    74/499     6.69G      1.63      1.33         0      2.96        12       512         0         0     0.479         0      2.06     0.596         0
    75/499     6.69G      1.72      1.31         0      3.04        22       512         1   0.00196     0.489   0.00391      2.02      0.62         0
    76/499     6.69G      1.62      1.32         0      2.94        20       512         1   0.00804     0.537    0.0159      2.08     0.574         0
    77/499     6.69G      1.55      1.35         0       2.9        16       512         1    0.0106     0.511    0.0209      2.08     0.576         0
    78/499     6.69G      1.56      1.33         0      2.89        15       512         1   0.00836      0.48    0.0166       2.2     0.543         0
    79/499     6.69G      1.53      1.29         0      2.82        20       512     0.751     0.307     0.521     0.436      2.08     0.585         0
    80/499     6.69G       1.6       1.3         0       2.9        19       512     0.745    0.0489     0.492    0.0918      2.06     0.609         0
    81/499     6.69G      1.59      1.31         0       2.9        20       512         0         0     0.567         0         2     0.596         0
    82/499     6.69G      1.66      1.26         0      2.92        14       512     0.664    0.0309     0.388     0.059      2.18     0.567         0
    83/499     6.69G      1.58      1.31         0      2.89        19       512     0.849     0.135     0.583     0.233      2.05     0.571         0
    84/499     6.69G      1.56       1.3         0      2.86        24       512     0.931    0.0265     0.592    0.0515      1.95     0.572         0
    85/499     6.69G      1.51      1.25         0      2.76        19       512     0.697    0.0294     0.625    0.0563      1.88     0.585         0
    86/499     6.69G      1.62      1.23         0      2.85        15       512      0.74    0.0167     0.546    0.0327      1.92     0.598         0
    87/499     6.69G      1.59      1.27         0      2.86        18       512     0.616    0.0665     0.516      0.12         2     0.598         0
    88/499     6.69G      1.52      1.23         0      2.76        18       512     0.777    0.0408     0.511    0.0776      2.08     0.563         0
    89/499     6.69G      1.57      1.24         0       2.8        19       512     0.837     0.101     0.561      0.18      1.95     0.569         0
    90/499     6.69G      1.61      1.23         0      2.85        19       512      0.82     0.384     0.572     0.523      1.98     0.596         0
    91/499     6.69G      1.53      1.18         0      2.71        19       512     0.854     0.161     0.582      0.27      1.97     0.588         0
    92/499     6.69G      1.59      1.25         0      2.84        16       512     0.829     0.342     0.617     0.485      1.88      0.59         0
    93/499     6.69G      1.51      1.17         0      2.68        19       512     0.842     0.322     0.624     0.466       1.9     0.571         0
    94/499     6.69G      1.55       1.2         0      2.75        17       512      0.85     0.255      0.62     0.392      1.93     0.561         0
    95/499     6.69G      1.53      1.25         0      2.79        18       512     0.825      0.24     0.578     0.372      2.02     0.531         0
    96/499     6.69G      1.57      1.19         0      2.75        16       512     0.936     0.125     0.653     0.221      1.87     0.568         0
    97/499     6.69G      1.48      1.22         0       2.7        19       512         1    0.0117     0.612    0.0232      1.84     0.642         0
    98/499     6.69G      1.53      1.19         0      2.72        20       512     0.844     0.222     0.595     0.352      1.94     0.573         0
    99/499     6.69G      1.61      1.19         0       2.8        18       512     0.824     0.213     0.619     0.339      1.83     0.583         0
   100/499     6.69G       1.5       1.2         0      2.71        21       512     0.799     0.234     0.616     0.362      1.91     0.541         0
   101/499     6.69G      1.42      1.17         0       2.6        18       512     0.881     0.145     0.642     0.249      1.85      0.58         0
   102/499     6.69G      1.47      1.25         0      2.72        23       512     0.859     0.132     0.609     0.228      1.91     0.563         0
   103/499     6.69G      1.47      1.18         0      2.65        18       512     0.817     0.272     0.612     0.408       1.9     0.546         0
   104/499     6.69G      1.43       1.2         0      2.63        21       512     0.853     0.399     0.671     0.544      1.83      0.59         0
   105/499     6.69G      1.54      1.19         0      2.73        15       512     0.817     0.626     0.668     0.709      1.87     0.556         0
   106/499     6.69G      1.42      1.22         0      2.64        20       512     0.836     0.409     0.624      0.55      1.84     0.574         0
   107/499     6.69G      1.43      1.17         0       2.6        19       512     0.837     0.381     0.617     0.524      2.01     0.539         0
   108/499     6.69G      1.48      1.14         0      2.62        18       512     0.811     0.479     0.612     0.603      1.97     0.543         0
   109/499     6.69G      1.46      1.15         0       2.6        16       512     0.844     0.446     0.672     0.584      1.89     0.547         0
   110/499     6.69G       1.4      1.14         0      2.54        19       512      0.87     0.431       0.7     0.576      1.79     0.549         0
   111/499     6.69G      1.48      1.19         0      2.67        23       512     0.863     0.221      0.67     0.352      1.85     0.548         0
   112/499     6.69G      1.51      1.17         0      2.68        20       512      0.82     0.535     0.661     0.647      1.88     0.559         0
   113/499     6.69G      1.52      1.15         0      2.67        18       512     0.908     0.501      0.75     0.646      1.74     0.554         0
   114/499     6.69G      1.42      1.15         0      2.57        23       512     0.873     0.499     0.732     0.635      1.83     0.549         0
   115/499     6.69G      1.61      1.15         0      2.76        21       512     0.891     0.594     0.735     0.713      1.75     0.547         0
   116/499     6.69G      1.45      1.14         0      2.59        20       512     0.874     0.572     0.733     0.692      1.77     0.558         0
   117/499     6.69G      1.45      1.18         0      2.62        26       512     0.799     0.579     0.635     0.672      1.95     0.536         0
   118/499     6.69G      1.41      1.22         0      2.63        20       512     0.864      0.52     0.718     0.649      1.79      0.54         0
   119/499     6.69G       1.5      1.13         0      2.62        20       512     0.883     0.616     0.739     0.726      1.81     0.532         0
   120/499     6.69G       1.3      1.11         0      2.41        17       512     0.866     0.644     0.767     0.738       1.7     0.526         0
   121/499     6.69G      1.45      1.12         0      2.58        15       512     0.892     0.612     0.769     0.726      1.62     0.554         0
   122/499     6.69G      1.45      1.11         0      2.57        21       512     0.857     0.527     0.703     0.653      1.81     0.518         0
   123/499     6.69G       1.4      1.16         0      2.56        19       512     0.879     0.626     0.765     0.731      1.65     0.526         0
   124/499     6.69G      1.43      1.13         0      2.56        21       512     0.871     0.669     0.767     0.757      1.69      0.53         0
   125/499     6.69G      1.27      1.17         0      2.44        20       512       0.9     0.492     0.749     0.636      1.66     0.541         0
   126/499     6.69G      1.42      1.12         0      2.53        20       512     0.807     0.775     0.742     0.791      1.78     0.511         0
   127/499     6.69G      1.45      1.12         0      2.57        17       512     0.872     0.625     0.755     0.728      1.71     0.519         0
   128/499     6.69G      1.36      1.18         0      2.55        21       512     0.855     0.718     0.776     0.781       1.6     0.534         0
   129/499     6.69G      1.38      1.12         0       2.5        21       512     0.877     0.589     0.769     0.705      1.64     0.578         0
   130/499     6.69G      1.32      1.12         0      2.44        15       512     0.864     0.722       0.8     0.787      1.54     0.555         0
   131/499     6.69G      1.31      1.09         0      2.41        19       512     0.831     0.773     0.773     0.801      1.63     0.537         0
   132/499     6.69G      1.39       1.1         0      2.49        22       512     0.885     0.705     0.803     0.785      1.56     0.543         0
   133/499     6.69G      1.43      1.11         0      2.54        19       512     0.907     0.499     0.762     0.644      1.67      0.56         0
   134/499     6.69G       1.5      1.08         0      2.58        17       512     0.898      0.64     0.799     0.748      1.64     0.542         0
   135/499     6.69G      1.42      1.06         0      2.48        21       512     0.913     0.554     0.796     0.689      1.59     0.551         0
   136/499     6.69G      1.41      1.08         0      2.49        18       512     0.853      0.76     0.769     0.804      1.58     0.574         0
   137/499     6.69G      1.51      1.09         0      2.61        16       512     0.866     0.757     0.808     0.808      1.61     0.535         0
   138/499     6.69G      1.44      1.11         0      2.54        19       512     0.901     0.641     0.806     0.749       1.6     0.537         0
   139/499     6.69G      1.38      1.08         0      2.46        18       512     0.928     0.605     0.796     0.732      1.59     0.546         0
   140/499     6.69G      1.34      1.06         0       2.4        22       512     0.865     0.714     0.779     0.782      1.66     0.518         0
   141/499     6.69G       1.4      1.08         0      2.48        16       512     0.884     0.715     0.817     0.791      1.59     0.534         0
   142/499     6.69G      1.44      1.07         0      2.51        20       512     0.904     0.679     0.819     0.775      1.47     0.569         0
   143/499     6.69G      1.39      1.05         0      2.43        15       512     0.864     0.732     0.801     0.792      1.62      0.53         0
   144/499     6.69G       1.3      1.11         0      2.41        18       512     0.882     0.718     0.834     0.792      1.49     0.544         0
   145/499     6.69G       1.3      1.08         0      2.39        18       512      0.94     0.549     0.817     0.693      1.57     0.565         0
   146/499     6.69G      1.29      1.04         0      2.33        18       512     0.836     0.758     0.807     0.795      1.62     0.525         0
   147/499     6.69G      1.36      1.03         0      2.39        19       512     0.899     0.683     0.807     0.776      1.68     0.539         0
   148/499     6.69G      1.36      1.04         0       2.4        18       512     0.916     0.697     0.832     0.791      1.52     0.573         0
   149/499     6.69G       1.3      1.05         0      2.36        16       512     0.872     0.797     0.825     0.833      1.58     0.517         0
   150/499     6.69G      1.26      1.09         0      2.35        22       512     0.906     0.506     0.817      0.65      1.51     0.562         0
   151/499     6.69G      1.33      1.08         0      2.41        19       512     0.939     0.541     0.836     0.687      1.52     0.566         0
   152/499     6.69G      1.35      1.05         0       2.4        17       512     0.909     0.739     0.824     0.815      1.49     0.554         0
   153/499     6.69G      1.44      1.09         0      2.52        18       512     0.923     0.679     0.831     0.782      1.48     0.558         0
   154/499     6.69G      1.39      1.01         0      2.41        21       512     0.937      0.63     0.847     0.754       1.5     0.543         0
   155/499     6.69G      1.41      1.06         0      2.47        18       512     0.894     0.679     0.804     0.772      1.51     0.574         0
   156/499     6.69G       1.3      1.05         0      2.35        19       512      0.87     0.747     0.809     0.804      1.64     0.522         0
   157/499     6.69G      1.24      1.09         0      2.33        24       512     0.888     0.802     0.851     0.843      1.45      0.52         0
   158/499     6.69G      1.37      1.03         0      2.41        24       512     0.904     0.592     0.811     0.715      1.54     0.541         0
   159/499     6.69G       1.3      1.05         0      2.35        20       512     0.935      0.59     0.814     0.724      1.56     0.572         0
   160/499     6.69G      1.26      1.03         0       2.3        21       512     0.929     0.687     0.849      0.79      1.55     0.526         0
   161/499     6.69G      1.35      1.05         0      2.39        16       512     0.906     0.742     0.839     0.816      1.56     0.521         0
   162/499     6.69G      1.29      1.06         0      2.36        20       512     0.839     0.784     0.796      0.81      1.58     0.531         0
   163/499     6.69G      1.31      1.07         0      2.38        18       512     0.877     0.765     0.804     0.817      1.53     0.549         0
   164/499     6.69G      1.25      1.04         0      2.29        19       512     0.929     0.692     0.847     0.793      1.41     0.601         0
   165/499     6.69G      1.34      1.01         0      2.35        16       512     0.929     0.748     0.858     0.829      1.48     0.529         0
   166/499     6.69G      1.33      1.01         0      2.34        18       512     0.948      0.61     0.856     0.742      1.45     0.604         0
   167/499     6.69G      1.31      1.04         0      2.34        20       512     0.896     0.739     0.828      0.81      1.44     0.591         0
   168/499     6.69G      1.33      1.01         0      2.34        15       512     0.891     0.829     0.862     0.859      1.45      0.53         0
   169/499     6.69G      1.34      1.04         0      2.39        19       512     0.893     0.812     0.864      0.85      1.47     0.535         0
   170/499     6.69G       1.2      1.05         0      2.24        18       512     0.873     0.861     0.869     0.867      1.45     0.532         0
   171/499     6.69G      1.34      1.03         0      2.38        18       512     0.893     0.791     0.854     0.839      1.48     0.534         0
   172/499     6.69G      1.34     0.987         0      2.33        23       512     0.918     0.723     0.841     0.809      1.44     0.547         0
   173/499     6.69G      1.28      1.02         0       2.3        18       512      0.92     0.781     0.865     0.845      1.44     0.529         0
   174/499     6.69G      1.29      1.04         0      2.33        18       512     0.917      0.83     0.891     0.871      1.36     0.549         0
   175/499     6.69G      1.19     0.984         0      2.17        21       512     0.881     0.793     0.843     0.835      1.48     0.567         0
   176/499     6.69G      1.35      1.02         0      2.37        16       512     0.872     0.761     0.819     0.813      1.51     0.587         0
   177/499     6.69G      1.41      1.03         0      2.44        21       512     0.875     0.794     0.844     0.833      1.44     0.598         0
   178/499     6.69G      1.29     0.992         0      2.28        23       512     0.889     0.751      0.84     0.815      1.47     0.552         0
   179/499     6.69G      1.31      1.05         0      2.37        17       512     0.912     0.727     0.856     0.809      1.43     0.545         0
   180/499     6.69G      1.25      1.05         0       2.3        14       512      0.91     0.754     0.857     0.825      1.48     0.518         0
   181/499     6.69G      1.27      1.01         0      2.29        19       512     0.894     0.746     0.843     0.814      1.52     0.506         0
   182/499     6.69G      1.28      1.02         0       2.3        22       512     0.936     0.627     0.856     0.751      1.43     0.535         0
   183/499     6.69G      1.14         1         0      2.14        17       512      0.93     0.522     0.843     0.669      1.42      0.53         0
   184/499     6.69G      1.27     0.978         0      2.24        16       512     0.901     0.673      0.83     0.771      1.42     0.532         0
   185/499     6.69G      1.32      1.06         0      2.38        19       512     0.929     0.772     0.872     0.844      1.37     0.507         0
   186/499     6.69G      1.31      1.02         0      2.33        22       512     0.919     0.794     0.861     0.852      1.42     0.521         0
   187/499     6.69G      1.28      1.02         0       2.3        19       512     0.927     0.791     0.874     0.853      1.29     0.532         0
   188/499     6.69G      1.17      1.02         0      2.19        16       512     0.909     0.838     0.871     0.872       1.4     0.498         0
   189/499     6.69G       1.3     0.995         0      2.29        16       512     0.947     0.667     0.862     0.783      1.49     0.521         0
   190/499     6.69G      1.28     0.978         0      2.26        20       512     0.935     0.761     0.897     0.839      1.35     0.517         0
   191/499     6.69G      1.36      1.07         0      2.43        15       512     0.912     0.773     0.862     0.837      1.43     0.527         0
   192/499     6.69G      1.32      1.03         0      2.35        20       512     0.866     0.812     0.861     0.838      1.42     0.518         0
   193/499     6.69G      1.31      1.06         0      2.37        22       512      0.92      0.79     0.867      0.85      1.36     0.557         0
   194/499     6.69G      1.29         1         0      2.29        18       512     0.904     0.757     0.844     0.824      1.44     0.573         0
   195/499     6.69G      1.28      1.02         0       2.3        19       512     0.948     0.743     0.887     0.833      1.31     0.573         0
   196/499     6.69G      1.27      1.01         0      2.28        21       512      0.92     0.858     0.894     0.888      1.29     0.523         0
   197/499     6.69G      1.26      1.01         0      2.28        21       512     0.913      0.84     0.885     0.875      1.34     0.522         0
   198/499     6.69G      1.27     0.989         0      2.26        18       512     0.931       0.8     0.889     0.861      1.33     0.516         0
   199/499     6.69G      1.24     0.987         0      2.23        18       512      0.92     0.826     0.896      0.87      1.29     0.513         0
   200/499     6.69G      1.25     0.995         0      2.25        18       512     0.943     0.838     0.913     0.887      1.34     0.505         0
   201/499     6.69G      1.22     0.961         0      2.18        17       512     0.919     0.824     0.898     0.869       1.4     0.518         0
   202/499     6.69G      1.35     0.955         0       2.3        16       512     0.939     0.811     0.902      0.87      1.33     0.502         0
   203/499     6.69G      1.21      1.01         0      2.22        18       512     0.932     0.865     0.903     0.897      1.32     0.509         0
   204/499     6.69G      1.34     0.962         0       2.3        20       512     0.948     0.829     0.912     0.885       1.3     0.516         0
   205/499     6.69G      1.23     0.973         0       2.2        21       512      0.93     0.828       0.9     0.876      1.31     0.518         0
   206/499     6.69G      1.35     0.962         0      2.31        19       512     0.914     0.878     0.909     0.896      1.28     0.492         0
   207/499     6.69G      1.17     0.981         0      2.15        20       512     0.923     0.866     0.912     0.894      1.28     0.491         0
   208/499     6.69G      1.19     0.948         0      2.14        20       512     0.914     0.836     0.893     0.873       1.3     0.507         0
   209/499     6.69G      1.26     0.967         0      2.23        22       512     0.888     0.902     0.908     0.895      1.27      0.49         0
   210/499     6.69G      1.37     0.951         0      2.32        19       512     0.914     0.845     0.904     0.878      1.34      0.52         0
   211/499     6.69G      1.34      1.06         0       2.4        18       512     0.875      0.71     0.806     0.784       1.5     0.547         0
   212/499     6.69G      1.35      1.11         0      2.45        18       512     0.852     0.765      0.81     0.806       1.6     0.509         0
   213/499     6.69G       1.3      1.02         0      2.32        16       512     0.895     0.791     0.862     0.839      1.57     0.504         0
   214/499     6.69G      1.38      1.05         0      2.43        23       512      0.94     0.769     0.901     0.846      1.38     0.544         0
   215/499     6.69G       1.2      1.04         0      2.24        20       512     0.937     0.811     0.908     0.869      1.37     0.535         0
   216/499     6.69G      1.23     0.977         0      2.21        19       512     0.946     0.783     0.904     0.857       1.3     0.525         0
   217/499     6.69G      1.16     0.993         0      2.16        19       512     0.896     0.863     0.903     0.879      1.33     0.517         0
   218/499     6.69G      1.25     0.997         0      2.25        24       512     0.877     0.896      0.91     0.886      1.35      0.51         0
   219/499     6.69G      1.16     0.972         0      2.13        21       512     0.877     0.888     0.905     0.883      1.31     0.502         0
   220/499     6.69G      1.24     0.972         0      2.21        18       512     0.947     0.801       0.9     0.868      1.39     0.521         0
   221/499     6.69G       1.2     0.952         0      2.15        21       512     0.945     0.743     0.882     0.832       1.4     0.541         0
   222/499     6.69G      1.27     0.967         0      2.24        18       512     0.936     0.795     0.897      0.86      1.32     0.511         0
   223/499     6.69G      1.29     0.947         0      2.24        18       512     0.945      0.75     0.905     0.836      1.27     0.525         0
   224/499     6.69G      1.24     0.938         0      2.18        19       512     0.927     0.845     0.898     0.884       1.3      0.53         0
   225/499     6.69G      1.14      0.98         0      2.12        22       512     0.944     0.823     0.913     0.879      1.26     0.531         0
   226/499     6.69G      1.23     0.943         0      2.17        18       512     0.928      0.83     0.908     0.876      1.25     0.517         0
   227/499     6.69G      1.13     0.929         0      2.06        20       512     0.918      0.85     0.896     0.882      1.38     0.517         0
   228/499     6.69G      1.18     0.991         0      2.17        19       512     0.892     0.885     0.897     0.888      1.34     0.525         0
   229/499     6.69G      1.23     0.949         0      2.18        21       512     0.922     0.888     0.911     0.905      1.28     0.494         0
   230/499     6.69G      1.23     0.998         0      2.22        20       512     0.928     0.853       0.9     0.889      1.28     0.525         0
   231/499     6.69G      1.09      1.03         0      2.12        22       512     0.916     0.857      0.89     0.886      1.36     0.523         0
   232/499     6.69G      1.23     0.932         0      2.16        22       512      0.94     0.852     0.904     0.894      1.34     0.511         0
   233/499     6.69G      1.12     0.955         0      2.07        20       512     0.944     0.851     0.911     0.895      1.33     0.523         0
   234/499     6.69G      1.08      0.96         0      2.04        16       512     0.927     0.871     0.914     0.898      1.32     0.508         0
   235/499     6.69G      1.15     0.955         0      2.11        14       512     0.906     0.887     0.916     0.896      1.23     0.503         0
   236/499     6.69G      1.15     0.932         0      2.08        18       512     0.914     0.896     0.925     0.905      1.16       0.5         0
   237/499     6.69G      1.18     0.928         0      2.11        18       512     0.903     0.898     0.913       0.9      1.25     0.482         0
   238/499     6.69G      1.16     0.925         0      2.09        20       512     0.927     0.896     0.916     0.911      1.26     0.489         0
   239/499     6.69G      1.18     0.926         0       2.1        18       512     0.925     0.898     0.923     0.911      1.23     0.485         0
   240/499     6.69G       1.1     0.965         0      2.06        20       512     0.931     0.869     0.914     0.899      1.27     0.496         0
   241/499     6.69G      1.24     0.949         0      2.18        21       512      0.91     0.883     0.905     0.896      1.33     0.491         0
   242/499     6.69G      1.18     0.952         0      2.14        19       512     0.914     0.899     0.917     0.906      1.28     0.483         0
   243/499     6.69G      1.26     0.934         0       2.2        16       512     0.922     0.896     0.918     0.909      1.31     0.497         0
   244/499     6.69G      1.17     0.952         0      2.12        19       512     0.928      0.89     0.925     0.909      1.27     0.497         0
   245/499     6.69G      1.15     0.896         0      2.05        15       512     0.917     0.904     0.917     0.911      1.28     0.494         0
   246/499     6.69G      1.19     0.965         0      2.16        20       512      0.92     0.879     0.904     0.899      1.33     0.508         0
   247/499     6.69G       1.2      0.96         0      2.16        19       512     0.931     0.892     0.926     0.911      1.19     0.485         0
   248/499     6.69G      1.28     0.965         0      2.25        20       512     0.923     0.895     0.914     0.909      1.22     0.479         0
   249/499     6.69G      1.16     0.951         0      2.11        21       512     0.929     0.877     0.929     0.902      1.21     0.475         0
   250/499     6.69G      1.11     0.951         0      2.06        19       512     0.934     0.865     0.917     0.898      1.25     0.489         0
   251/499     6.69G      1.11     0.919         0      2.03        16       512     0.919     0.892     0.923     0.906      1.24     0.485         0
   252/499     6.69G      1.13      0.92         0      2.05        21       512      0.93     0.887     0.912     0.908      1.28     0.477         0
   253/499     6.69G      1.05     0.921         0      1.97        20       512     0.923     0.872     0.916     0.897      1.29     0.486         0
   254/499     6.69G      1.21     0.966         0      2.17        19       512     0.916     0.892      0.92     0.904      1.24     0.479         0
   255/499     6.69G      1.26     0.962         0      2.22        23       512     0.894     0.904     0.919     0.899      1.25     0.481         0
   256/499     6.69G      1.16     0.951         0      2.11        18       512     0.939     0.843     0.908     0.888      1.23     0.494         0
   257/499     6.69G      1.24     0.945         0      2.19        18       512      0.94     0.881     0.927     0.909       1.2     0.491         0
   258/499     6.69G      1.13     0.933         0      2.06        19       512     0.937     0.879     0.923     0.907      1.21     0.484         0
   259/499     6.69G      1.15     0.928         0      2.08        17       512     0.911       0.9     0.931     0.906      1.27     0.486         0
   260/499     6.69G      1.23     0.927         0      2.15        20       512     0.932     0.909     0.935      0.92      1.31     0.477         0
   261/499     6.69G      1.13      0.94         0      2.07        18       512     0.937     0.902     0.922     0.919      1.23     0.476         0
   262/499     6.69G      1.15     0.893         0      2.04        20       512     0.913     0.906     0.923      0.91      1.25     0.466         0
   263/499     6.69G       1.1      0.91         0      2.01        19       512     0.918     0.902     0.919      0.91       1.2     0.464         0
   264/499     6.69G      1.15     0.908         0      2.06        19       512     0.939     0.878     0.927     0.908      1.18     0.473         0
   265/499     6.69G      1.05     0.908         0      1.96        23       512      0.91     0.871     0.906      0.89       1.3      0.48         0
   266/499     6.69G      1.17     0.924         0       2.1        22       512     0.926     0.873     0.923     0.899      1.14     0.477         0
   267/499     6.69G      1.08     0.913         0         2        21       512     0.917     0.903     0.937      0.91      1.18     0.461         0
   268/499     6.69G      1.18      0.93         0      2.11        17       512     0.926     0.886     0.928     0.906      1.28     0.469         0
   269/499     6.69G      1.13     0.891         0      2.02        19       512     0.945     0.882     0.931     0.913      1.28     0.482         0
   270/499     6.69G      1.04     0.908         0      1.95        21       512      0.94     0.885     0.922     0.912       1.2     0.485         0
   271/499     6.69G      1.12     0.902         0      2.02        20       512     0.919     0.892     0.914     0.906      1.38     0.465         0
   272/499     6.69G      1.09     0.912         0         2        16       512     0.929     0.894     0.927     0.911      1.27     0.471         0
   273/499     6.69G      1.14     0.911         0      2.05        20       512     0.929      0.92     0.935     0.925      1.21     0.456         0
   274/499     6.69G      1.04     0.925         0      1.96        20       512     0.928     0.902     0.933     0.915       1.2     0.461         0
   275/499     6.69G       1.1     0.939         0      2.04        26       512     0.936     0.892     0.939     0.914       1.2     0.487         0
   276/499     6.69G      1.14     0.881         0      2.02        21       512     0.949     0.867     0.934     0.906       1.2     0.489         0
   277/499     6.69G       1.1     0.924         0      2.03        20       512     0.933     0.878     0.923     0.905      1.25     0.479         0
   278/499     6.69G      1.15     0.883         0      2.03        19       512     0.923     0.893     0.926     0.908       1.2     0.468         0
   279/499     6.69G      1.17     0.894         0      2.07        17       512     0.913     0.912     0.936     0.912      1.19     0.469         0
   280/499     6.69G      1.08     0.883         0      1.96        20       512     0.895     0.922      0.94     0.908      1.15     0.466         0
   281/499     6.69G      1.06     0.919         0      1.98        23       512     0.923     0.914     0.943     0.918      1.12      0.47         0
   282/499     6.69G      1.15      0.96         0      2.11        17       512     0.938     0.894     0.937     0.916       1.2     0.483         0
   283/499     6.69G      1.12     0.902         0      2.03        15       512     0.948     0.888     0.945     0.917      1.18     0.478         0
   284/499     6.69G      1.12     0.888         0      2.01        20       512      0.94     0.894     0.945     0.917      1.22     0.466         0
   285/499     6.69G      1.16     0.919         0      2.08        19       512     0.939     0.901     0.944      0.92      1.24     0.461         0
   286/499     6.69G      1.18     0.883         0      2.06        21       512     0.936     0.893     0.942     0.914      1.22     0.481         0
   287/499     6.69G      1.12     0.928         0      2.05        19       512     0.946     0.892     0.947     0.918      1.11     0.474         0
   288/499     6.69G      1.04       0.9         0      1.94        24       512     0.934       0.9     0.948     0.917      1.14     0.464         0
   289/499     6.69G      1.07     0.872         0      1.94        19       512      0.96     0.896      0.95     0.927      1.16     0.472         0
   290/499     6.69G      1.06     0.901         0      1.96        15       512     0.956     0.886     0.945      0.92      1.19      0.47         0
   291/499     6.69G       1.2     0.878         0      2.08        22       512     0.937     0.872     0.935     0.903      1.23     0.472         0
   292/499     6.69G      1.04      0.89         0      1.93        19       512     0.926     0.875     0.932       0.9      1.21     0.477         0
   293/499     6.69G      1.11     0.877         0      1.99        27       512     0.917     0.903     0.936      0.91      1.18     0.465         0
   294/499     6.69G      1.19     0.887         0      2.08        22       512     0.918     0.914     0.938     0.916      1.17     0.462         0
   295/499     6.69G      1.14     0.876         0      2.02        17       512      0.96       0.9     0.944     0.929      1.14      0.47         0
   296/499     6.69G      1.16     0.912         0      2.07        16       512     0.962     0.902     0.945     0.931      1.16     0.467         0
   297/499     6.69G      1.07     0.852         0      1.92        13       512     0.959     0.896      0.94     0.926      1.18     0.471         0
   298/499     6.69G       1.1     0.872         0      1.97        25       512     0.944     0.885     0.933     0.913      1.22     0.463         0
   299/499     6.69G       1.1     0.873         0      1.97        20       512     0.952     0.892     0.944     0.921      1.19      0.47         0
   300/499     6.69G       1.1     0.881         0      1.99        19       512      0.94     0.924     0.947     0.932      1.22     0.467         0
   301/499     6.69G     0.989     0.907         0       1.9        18       512     0.929     0.922      0.94     0.925      1.22      0.48         0
   302/499     6.69G      1.14     0.897         0      2.03        18       512     0.941     0.904     0.943     0.922      1.18     0.468         0
   303/499     6.69G      1.11      0.87         0      1.98        17       512     0.947     0.914     0.948      0.93      1.16     0.468         0
   304/499     6.69G      1.17     0.904         0      2.07        22       512     0.949     0.914     0.947     0.931      1.16     0.468         0
   305/499     6.69G      1.22     0.911         0      2.13        19       512     0.934     0.919     0.943     0.927      1.16     0.471         0
   306/499     6.69G      1.16     0.904         0      2.06        17       512     0.936     0.924     0.946      0.93      1.16     0.461         0
   307/499     6.69G      1.09     0.883         0      1.98        20       512     0.953      0.91     0.946     0.931      1.13     0.458         0
   308/499     6.69G      1.09     0.932         0      2.02        22       512     0.945     0.915     0.954      0.93      1.15     0.456         0
   309/499     6.69G      1.09     0.865         0      1.95        19       512     0.947     0.905      0.95     0.925      1.16     0.471         0
   310/499     6.69G      1.13     0.852         0      1.98        15       512     0.952     0.888     0.941     0.919      1.18     0.467         0
   311/499     6.69G      1.07     0.824         0      1.89        18       512     0.944      0.91     0.952     0.927      1.11     0.459         0
   312/499     6.69G      1.01      0.86         0      1.87        17       512     0.933     0.927     0.949      0.93       1.1     0.458         0
   313/499     6.69G      1.04     0.897         0      1.93        18       512     0.948     0.921     0.949     0.934      1.11     0.451         0
   314/499     6.69G      1.05     0.902         0      1.95        19       512     0.955     0.918     0.946     0.936      1.08     0.452         0
   315/499     6.69G     0.987     0.848         0      1.83        20       512     0.946     0.902     0.945     0.923      1.14      0.45         0
   316/499     6.69G      1.04     0.874         0      1.92        18       512     0.947      0.91      0.94     0.928      1.17     0.457         0
   317/499     6.69G      1.07     0.867         0      1.94        17       512     0.945      0.91     0.942     0.927      1.11     0.465         0
   318/499     6.69G      1.08     0.879         0      1.96        23       512     0.913     0.933     0.947     0.923      1.13     0.465         0
   319/499     6.69G      1.07     0.923         0         2        18       512     0.927     0.926     0.947     0.927      1.14      0.46         0
   320/499     6.69G       1.1     0.863         0      1.96        18       512     0.941     0.906      0.94     0.923      1.14     0.464         0
   321/499     6.69G      1.08     0.868         0      1.95        19       512     0.912     0.937     0.939     0.924       1.1     0.456         0
   322/499     6.69G      1.03     0.846         0      1.88        17       512     0.929     0.925     0.946     0.927       1.1     0.456         0
   323/499     6.69G     0.998     0.859         0      1.86        20       512     0.952     0.902     0.942     0.927      1.11     0.466         0
   324/499     6.69G      1.04     0.866         0       1.9        16       512     0.956     0.888     0.945     0.921      1.16     0.472         0
   325/499     6.69G      1.08     0.872         0      1.96        24       512      0.95     0.912     0.944      0.93      1.16     0.462         0
   326/499     6.69G      1.08     0.852         0      1.94        14       512     0.937     0.924     0.944      0.93      1.18     0.447         0
   327/499     6.69G      1.04     0.838         0      1.88        19       512      0.93      0.93     0.946      0.93      1.15     0.449         0
   328/499     6.69G      1.03     0.876         0       1.9        16       512      0.94     0.919      0.95      0.93      1.13     0.454         0
   329/499     6.69G      1.09     0.832         0      1.92        18       512     0.947     0.914     0.948      0.93       1.1      0.46         0
   330/499     6.69G      1.08     0.916         0      1.99        24       512      0.93     0.928     0.952     0.929      1.13     0.457         0
   331/499     6.69G      1.14     0.875         0      2.01        23       512     0.928     0.939     0.956     0.934      1.14     0.448         0
   332/499     6.69G       1.1     0.882         0      1.98        16       512     0.935     0.932     0.959     0.933      1.12     0.447         0
   333/499     6.69G      1.03     0.885         0      1.91        18       512     0.924     0.923     0.951     0.923      1.11     0.455         0
   334/499     6.69G      1.03     0.865         0      1.89        18       512     0.923      0.93     0.952     0.926      1.08     0.458         0
   335/499     6.69G      1.02     0.891         0      1.91        17       512     0.929     0.926     0.951     0.928       1.1      0.47         0
   336/499     6.69G      1.04      0.85         0      1.89        18       512     0.939     0.911     0.947     0.925      1.12     0.457         0
   337/499     6.69G      1.09     0.898         0      1.98        20       512      0.93     0.907      0.95     0.918      1.13     0.454         0
   338/499     6.69G      1.02     0.855         0      1.87        18       512     0.954     0.924     0.955     0.939      1.12     0.463         0
   339/499     6.69G       1.1     0.854         0      1.95        19       512     0.958     0.918     0.957     0.938      1.13     0.463         0
   340/499     6.69G     0.966     0.825         0      1.79        20       512      0.94     0.917     0.956     0.928      1.15     0.451         0
   341/499     6.69G      1.04     0.853         0       1.9        19       512     0.935      0.93     0.952     0.932      1.14     0.446         0
   342/499     6.69G      1.08     0.859         0      1.94        19       512     0.937     0.939     0.953     0.938      1.15     0.449         0
   343/499     6.69G     0.997     0.799         0       1.8        16       512     0.936     0.933     0.955     0.935       1.1     0.452         0
   344/499     6.69G         1     0.869         0      1.87        23       512     0.927     0.937     0.957     0.932      1.09     0.458         0
   345/499     6.69G      1.03     0.828         0      1.85        14       512      0.93     0.933     0.956     0.932       1.1     0.457         0
   346/499     6.69G      1.04     0.849         0      1.89        18       512     0.942     0.926     0.954     0.934      1.15     0.461         0
   347/499     6.69G      1.07     0.816         0      1.89        19       512     0.947     0.914     0.953      0.93      1.14     0.453         0
   348/499     6.69G      1.12     0.806         0      1.92        21       512     0.957     0.906     0.957     0.931      1.08     0.453         0
   349/499     6.69G     0.975      0.84         0      1.81        16       512     0.952     0.924     0.962     0.938      1.08     0.456         0
   350/499     6.69G     0.965     0.895         0      1.86        19       512     0.918     0.944     0.963     0.931      1.07     0.452         0
   351/499     6.69G      1.05     0.899         0      1.95        20       512      0.93     0.937      0.96     0.934      1.12     0.453         0
   352/499     6.69G      1.04     0.837         0      1.88        20       512     0.941     0.926      0.96     0.933      1.12     0.444         0
   353/499     6.69G      1.07     0.846         0      1.91        17       512     0.948     0.922      0.96     0.935      1.11     0.443         0
   354/499     6.69G     0.989     0.822         0      1.81        22       512     0.944     0.933     0.959     0.939       1.1     0.439         0
   355/499     6.69G      1.05     0.869         0      1.92        22       512      0.95     0.935     0.957     0.943      1.07     0.439         0
   356/499     6.69G     0.997     0.831         0      1.83        20       512     0.937     0.939     0.959     0.938      1.08     0.441         0
   357/499     6.69G      1.05     0.859         0      1.91        20       512     0.936     0.939     0.961     0.938      1.09     0.451         0
   358/499     6.69G      1.04     0.841         0      1.88        14       512      0.95     0.932     0.959      0.94      1.14     0.447         0
   359/499     6.69G     0.937     0.833         0      1.77        20       512     0.943      0.94      0.96     0.941      1.12     0.445         0
   360/499     6.69G      1.03     0.823         0      1.85        18       512     0.951     0.933      0.96     0.942      1.13      0.45         0
   361/499     6.69G     0.973     0.856         0      1.83        20       512     0.956     0.898     0.949     0.926      1.16     0.457         0
   362/499     6.69G      1.07     0.792         0      1.86        18       512     0.946     0.914     0.951      0.93      1.13     0.455         0
   363/499     6.69G     0.994     0.851         0      1.84        17       512     0.926     0.928     0.954     0.927      1.11      0.45         0
   364/499     6.69G      1.08     0.873         0      1.95        26       512     0.939     0.935     0.959     0.937       1.1     0.453         0
   365/499     6.69G      1.02     0.822         0      1.85        17       512     0.951     0.928     0.961     0.939       1.1     0.458         0
   366/499     6.69G      1.06     0.858         0      1.92        20       512     0.961     0.935     0.963     0.948      1.09     0.454         0
   367/499     6.69G     0.946      0.82         0      1.77        20       512     0.958     0.935     0.961     0.947       1.1     0.461         0
   368/499     6.69G     0.981     0.854         0      1.83        19       512     0.953     0.935     0.961     0.944       1.1     0.453         0
   369/499     6.69G      0.95     0.828         0      1.78        18       512     0.944     0.933     0.958     0.939      1.08     0.451         0
   370/499     6.69G      1.03     0.857         0      1.88        20       512     0.945     0.939     0.959     0.942       1.1     0.441         0
   371/499     6.69G      1.04     0.822         0      1.86        20       512     0.949     0.943      0.96     0.946       1.1      0.44         0
   372/499     6.69G     0.999     0.873         0      1.87        15       512     0.939     0.947     0.958     0.943      1.08     0.437         0
   373/499     6.69G      1.06      0.84         0       1.9        19       512     0.949     0.938     0.962     0.943      1.07     0.445         0
   374/499     6.69G      1.01     0.833         0      1.84        19       512     0.946     0.931     0.961     0.938      1.07     0.455         0
   375/499     6.69G     0.924     0.808         0      1.73        20       512     0.948     0.927     0.956     0.938      1.06     0.453         0
   376/499     6.69G      1.01     0.835         0      1.85        20       512     0.939     0.937      0.96     0.938      1.06     0.451         0
   377/499     6.69G     0.955     0.837         0      1.79        23       512     0.943     0.934     0.961     0.939      1.06     0.452         0
   378/499     6.69G     0.969     0.862         0      1.83        17       512      0.95     0.924     0.957     0.937      1.07     0.446         0
   379/499     6.69G      1.04     0.809         0      1.84        21       512     0.954     0.922     0.959     0.937      1.09     0.445         0
   380/499     6.69G      1.05     0.812         0      1.87        15       512     0.955     0.932     0.961     0.943       1.1     0.443         0
   381/499     6.69G      1.04     0.839         0      1.88        19       512     0.947     0.928      0.96     0.937       1.1     0.446         0
   382/499     6.69G     0.933     0.802         0      1.73        17       512     0.942      0.93     0.956     0.936      1.15     0.456         0
   383/499     6.69G      1.07     0.844         0      1.91        18       512     0.946     0.912      0.95     0.929      1.15     0.457         0
   384/499     6.69G      1.05     0.843         0       1.9        22       512     0.955     0.909     0.952     0.931      1.17     0.454         0
   385/499     6.69G     0.968     0.833         0       1.8        21       512     0.963     0.904     0.957     0.933      1.13     0.454         0
   386/499     6.69G     0.923     0.847         0      1.77        19       512     0.948     0.927     0.961     0.937      1.09     0.446         0
   387/499     6.69G      1.02     0.842         0      1.87        20       512      0.95     0.937      0.96     0.944       1.1      0.45         0
   388/499     6.69G     0.994     0.844         0      1.84        24       512     0.936     0.938     0.958     0.937      1.11     0.452         0
   389/499     6.69G     0.892     0.787         0      1.68        16       512     0.925     0.945     0.961     0.935      1.08     0.451         0
   390/499     6.69G     0.948      0.87         0      1.82        19       512     0.951     0.935     0.962     0.943      1.06     0.448         0
   391/499     6.69G     0.936     0.838         0      1.77        18       512     0.955     0.937     0.963     0.946      1.06      0.45         0
   392/499     6.69G      1.04     0.868         0      1.91        20       512      0.96     0.939     0.962      0.95      1.07     0.453         0
   393/499     6.69G     0.969     0.843         0      1.81        21       512     0.965     0.932     0.964     0.948      1.08      0.45         0
   394/499     6.69G      1.01      0.84         0      1.85        21       512     0.965     0.928     0.963     0.946      1.07     0.443         0
   395/499     6.69G      0.98     0.837         0      1.82        20       512     0.957     0.948     0.965     0.952      1.03     0.438         0
   396/499     6.69G     0.946     0.782         0      1.73        21       512     0.942     0.945     0.962     0.944      1.04     0.446         0
   397/499     6.69G     0.939      0.84         0      1.78        20       512      0.95     0.941     0.961     0.945      1.05     0.445         0
   398/499     6.69G      1.03     0.813         0      1.85        20       512      0.95     0.941     0.952     0.946      1.09     0.439         0
   399/499     6.69G     0.927     0.793         0      1.72        20       512     0.952     0.941     0.955     0.947      1.12     0.439         0
   400/499     6.69G     0.993     0.855         0      1.85        22       512     0.961     0.941     0.957     0.951       1.1     0.435         0
   401/499     6.69G      1.01     0.791         0       1.8        16       512     0.963     0.941     0.958     0.952      1.07     0.439         0
   402/499     6.69G      1.05     0.795         0      1.85        16       512      0.96     0.938     0.961     0.949      1.05     0.436         0
   403/499     6.69G      1.03     0.811         0      1.84        18       512     0.954     0.939     0.962     0.946      1.03     0.441         0
   404/499     6.69G     0.989     0.854         0      1.84        20       512     0.952     0.942     0.963     0.947      1.03      0.45         0
   405/499     6.69G     0.965     0.822         0      1.79        20       512     0.953     0.945      0.96     0.949      1.03     0.441         0
   406/499     6.69G     0.917     0.829         0      1.75        19       512     0.953     0.949     0.961     0.951      1.04     0.441         0
   407/499     6.69G     0.945     0.834         0      1.78        19       512     0.951     0.951     0.967     0.951      1.03      0.44         0
   408/499     6.69G      1.01     0.847         0      1.86        20       512     0.949     0.951     0.968      0.95      1.02     0.446         0
   409/499     6.69G      1.03     0.847         0      1.87        22       512     0.941     0.947     0.964     0.944      1.02     0.447         0
   410/499     6.69G     0.941     0.825         0      1.77        18       512     0.958     0.943     0.962     0.951      1.03     0.445         0
   411/499     6.69G     0.918     0.819         0      1.74        21       512     0.959     0.941     0.955      0.95      1.04     0.445         0
   412/499     6.69G     0.959       0.8         0      1.76        16       512     0.958      0.94      0.96     0.949      1.07     0.446         0
   413/499     6.69G      1.03     0.818         0      1.85        18       512     0.955     0.946      0.96      0.95      1.07      0.44         0
   414/499     6.69G     0.931     0.864         0       1.8        18       512      0.95     0.945      0.96     0.948      1.06     0.433         0
   415/499     6.69G      0.99     0.799         0      1.79        17       512     0.953     0.942     0.961     0.947      1.07     0.433         0
   416/499     6.69G     0.971     0.819         0      1.79        19       512     0.957     0.932     0.961     0.944      1.07     0.438         0
   417/499     6.69G     0.985     0.836         0      1.82        16       512     0.964      0.93     0.963     0.947      1.06     0.436         0
   418/499     6.69G      1.03     0.826         0      1.85        22       512     0.962      0.93     0.961     0.945      1.05     0.434         0
   419/499     6.69G     0.981     0.873         0      1.85        23       512     0.966     0.936     0.961     0.951      1.05     0.436         0
   420/499     6.69G      1.01     0.817         0      1.83        17       512      0.97     0.939     0.961     0.954      1.08     0.437         0
   421/499     6.69G     0.969     0.835         0       1.8        19       512     0.964     0.943     0.961     0.954      1.08     0.435         0
   422/499     6.69G     0.955     0.846         0       1.8        23       512      0.96     0.947     0.961     0.954      1.07     0.432         0
   423/499     6.69G     0.982     0.804         0      1.79        20       512     0.959     0.943      0.96     0.951      1.07     0.431         0
   424/499     6.69G     0.963     0.811         0      1.77        21       512     0.955     0.943     0.958     0.949      1.08     0.428         0
   425/499     6.69G      0.93     0.807         0      1.74        19       512     0.953     0.941     0.959     0.947      1.08     0.427         0
   426/499     6.69G     0.929     0.812         0      1.74        21       512     0.947     0.943      0.96     0.945      1.08     0.427         0
   427/499     6.69G      1.02     0.805         0      1.82        19       512     0.945      0.95     0.961     0.948      1.07     0.429         0
   428/499     6.69G     0.984     0.839         0      1.82        22       512     0.946     0.953     0.962     0.949      1.05     0.431         0
   429/499     6.69G     0.905     0.802         0      1.71        17       512     0.942     0.955     0.963     0.948      1.04      0.43         0
   430/499     6.69G     0.939     0.809         0      1.75        19       512     0.954     0.951     0.963     0.953      1.05     0.428         0
   431/499     6.69G     0.947     0.826         0      1.77        19       512     0.957     0.947     0.963     0.952      1.04     0.429         0
   432/499     6.69G     0.963     0.782         0      1.75        20       512     0.959      0.95     0.962     0.954      1.05     0.434         0
   433/499     6.69G     0.921     0.834         0      1.76        19       512     0.958     0.957     0.966     0.957      1.04     0.432         0
   434/499     6.69G     0.929     0.808         0      1.74        19       512     0.944     0.955     0.964     0.949      1.06      0.43         0
   435/499     6.69G     0.964     0.797         0      1.76        15       512     0.958     0.953     0.965     0.956      1.08     0.436         0
   436/499     6.69G     0.906     0.806         0      1.71        21       512     0.963     0.945     0.963     0.954      1.08     0.443         0
   437/499     6.69G     0.939     0.876         0      1.81        17       512     0.962      0.94     0.962     0.951      1.06     0.443         0
   438/499     6.69G     0.959     0.792         0      1.75        22       512     0.961     0.954     0.963     0.957      1.05      0.44         0
   439/499     6.69G     0.991     0.793         0      1.78        18       512     0.961     0.947     0.964     0.954      1.04     0.441         0
   440/499     6.69G     0.842     0.807         0      1.65        20       512     0.963     0.943     0.962     0.953      1.03     0.437         0
   441/499     6.69G     0.893     0.821         0      1.71        17       512     0.962     0.945     0.963     0.953      1.02     0.435         0
   442/499     6.69G     0.912     0.814         0      1.73        18       512     0.962     0.951     0.964     0.957      1.02     0.435         0
   443/499     6.69G      0.87     0.782         0      1.65        17       512     0.955     0.951     0.962     0.953      1.03     0.432         0
   444/499     6.69G     0.934     0.855         0      1.79        19       512     0.956     0.951     0.961     0.954      1.04     0.431         0
   445/499     6.69G     0.899     0.814         0      1.71        17       512     0.952     0.951     0.961     0.951      1.05     0.431         0
   446/499     6.69G     0.949     0.828         0      1.78        18       512     0.945     0.953     0.961     0.949      1.05     0.429         0
   447/499     6.69G     0.948     0.839         0      1.79        18       512     0.954     0.951     0.964     0.952      1.04      0.43         0
   448/499     6.69G     0.914     0.799         0      1.71        19       512     0.949     0.953     0.964     0.951      1.03     0.431         0
   449/499     6.69G     0.946     0.825         0      1.77        19       512     0.954     0.949     0.969     0.952      1.04      0.43         0
   450/499     6.69G     0.983     0.784         0      1.77        18       512     0.953     0.948     0.969      0.95      1.04     0.433         0
   451/499     6.69G      0.97     0.825         0      1.79        17       512     0.958     0.944     0.964     0.951      1.04     0.434         0
   452/499     6.69G     0.872     0.818         0      1.69        19       512     0.949     0.945     0.962     0.947      1.04     0.432         0
   453/499     6.69G     0.897     0.771         0      1.67        18       512     0.936     0.949     0.962     0.943      1.04     0.432         0
   454/499     6.69G     0.991      0.81         0       1.8        16       512     0.941     0.949     0.961     0.945      1.05     0.437         0
   455/499     6.69G     0.898     0.796         0      1.69        19       512      0.94     0.946     0.962     0.943      1.04     0.435         0
   456/499     6.69G     0.949     0.795         0      1.74        16       512      0.94     0.947     0.961     0.944      1.03      0.43         0
   457/499     6.69G     0.939     0.813         0      1.75        15       512     0.946     0.949     0.965     0.948      1.03     0.431         0
   458/499     6.69G      1.04     0.809         0      1.85        21       512     0.946     0.949     0.965     0.948      1.04     0.428         0
   459/499     6.69G      0.94     0.827         0      1.77        19       512     0.948     0.945     0.965     0.946      1.04     0.427         0
   460/499     6.69G     0.907     0.806         0      1.71        17       512     0.957     0.945     0.964     0.951      1.03      0.43         0
   461/499     6.69G     0.965     0.834         0       1.8        17       512     0.964     0.945     0.964     0.955      1.03     0.432         0
   462/499     6.69G     0.927     0.783         0      1.71        18       512     0.962     0.945     0.964     0.954      1.04     0.432         0
   463/499     6.69G     0.983     0.834         0      1.82        17       512     0.965     0.951     0.966     0.958      1.03     0.434         0
   464/499     6.69G     0.868       0.8         0      1.67        24       512     0.967     0.949     0.965     0.958      1.04     0.439         0
   465/499     6.69G     0.998     0.787         0      1.79        20       512      0.97     0.951     0.965      0.96      1.04     0.434         0
   466/499     6.69G     0.919     0.781         0       1.7        18       512     0.967     0.949     0.963     0.958      1.04     0.433         0
   467/499     6.69G     0.885      0.78         0      1.66        17       512     0.968     0.949     0.962     0.958      1.04     0.434         0
   468/499     6.69G     0.943     0.831         0      1.77        20       512     0.967     0.949     0.962     0.958      1.04     0.434         0
   469/499     6.69G     0.957     0.824         0      1.78        28       512     0.966     0.949     0.963     0.958      1.04     0.435         0
   470/499     6.69G     0.924     0.777         0       1.7        19       512     0.961     0.951     0.963     0.956      1.04     0.435         0
   471/499     6.69G     0.975     0.809         0      1.78        19       512     0.965     0.949     0.963     0.957      1.03     0.432         0
   472/499     6.69G     0.937     0.801         0      1.74        20       512     0.966     0.951     0.964     0.958      1.03     0.431         0
   473/499     6.69G     0.913     0.825         0      1.74        20       512     0.963     0.949     0.958     0.956      1.04     0.429         0
   474/499     6.69G     0.963     0.794         0      1.76        18       512     0.964     0.949     0.963     0.957      1.04     0.429         0
   475/499     6.69G     0.827     0.817         0      1.64        17       512     0.958     0.947     0.963     0.952      1.03     0.431         0
   476/499     6.69G     0.916     0.795         0      1.71        20       512     0.956     0.945     0.963     0.951      1.03     0.435         0
   477/499     6.69G     0.963     0.825         0      1.79        20       512     0.958     0.943     0.963     0.951      1.03     0.441         0
   478/499     6.69G     0.901     0.796         0       1.7        18       512     0.959     0.947     0.963     0.953      1.03     0.442         0
   479/499     6.69G     0.863     0.811         0      1.67        16       512     0.958     0.946     0.961     0.952      1.03     0.439         0
   480/499     6.69G      1.01     0.812         0      1.82        19       512      0.96     0.944     0.961     0.952      1.04     0.437         0
   481/499     6.69G     0.957     0.797         0      1.75        20       512     0.964     0.943     0.961     0.954      1.04     0.437         0
   482/499     6.69G     0.939     0.841         0      1.78        22       512     0.964     0.945     0.961     0.955      1.04     0.435         0
   483/499     6.69G     0.974     0.785         0      1.76        15       512     0.961     0.947      0.96     0.954      1.03     0.432         0
   484/499     6.69G     0.905     0.779         0      1.68        20       512     0.961     0.951     0.963     0.956      1.03     0.429         0
   485/499     6.69G     0.873     0.782         0      1.65        16       512     0.957     0.953     0.964     0.955      1.03     0.429         0
   486/499     6.69G     0.925     0.807         0      1.73        16       512     0.958     0.951     0.965     0.954      1.02     0.431         0
   487/499     6.69G     0.943     0.835         0      1.78        24       512     0.956     0.951     0.964     0.954      1.02     0.435         0
   488/499     6.69G     0.874     0.802         0      1.68        20       512     0.957     0.948     0.962     0.952      1.02     0.437         0
   489/499     6.69G     0.962     0.839         0       1.8        19       512      0.96     0.941     0.962      0.95      1.02     0.439         0
   490/499     6.69G     0.933     0.787         0      1.72        18       512     0.956     0.943     0.962      0.95      1.01     0.441         0
   491/499     6.69G      1.02     0.815         0      1.84        17       512     0.955     0.948     0.963     0.952      1.01     0.441         0
   492/499     6.69G     0.936     0.812         0      1.75        20       512     0.959     0.952     0.964     0.955      1.02     0.441         0
   493/499     6.69G     0.924     0.802         0      1.73        18       512     0.952     0.953     0.961     0.953      1.02     0.438         0
   494/499     6.69G     0.962     0.824         0      1.79        18       512      0.95     0.953     0.963     0.952      1.03     0.433         0
   495/499     6.69G     0.881     0.803         0      1.68        15       512      0.95     0.953     0.964     0.951      1.03     0.432         0
   496/499     6.69G     0.989     0.798         0      1.79        19       512     0.952     0.955     0.963     0.954      1.03     0.436         0
   497/499     6.69G     0.926     0.835         0      1.76        19       512     0.951     0.957     0.963     0.954      1.04     0.435         0
   498/499     6.69G     0.936     0.811         0      1.75        18       512     0.951     0.957     0.962     0.954      1.03     0.435         0
   499/499     6.69G     0.987     0.763         0      1.75        18       512     0.957     0.953     0.962     0.955      1.03     0.437         0
